0 0 0
-0.3333333333333333 0 -0.05
-0.3333333333333333 0.3333333333333333 0.05
-0.16666666666666666 0.3333333333333333 0.05
-0.16666666666666666 0.6666666666666666 0.05
-0.3333333333333333 0.6666666666666666 -0.05
-0.5 0.6666666666666666 -0.05
-0.6666666666666666 0.6666666666666666 0.05
-0.6666666666666666 0.3333333333333333 0.05
-0.5 0.3333333333333333 0.05
-0.5 0 -0.05
-0.8333333333333333 0 0
-0.8333333333333333 0.5 0
-0.49999999999999994 0.5 -0.05
-0.49999999999999994 0.8333333333333333 0.05
-0.6666666666666666 0.8333333333333333 0.05
-0.6666666666666666 1.1666666666666665 0.05
-0.5 1.1666666666666665 -0.05
-0.33333333333333337 1.1666666666666665 -0.05
-0.1666666666666667 1.1666666666666665 0.05
-0.1666666666666667 0.8333333333333333 0.05
-0.33333333333333337 0.8333333333333333 0.05
-0.33333333333333337 0.49999999999999994 -0.05
-5.551115123125783e-17 0.49999999999999994 0
