60 0 0
59.6 0 -0.05
59.6 0.3333333333333333 0.05
59.800000000000004 0.3333333333333333 0.05
59.800000000000004 0.6666666666666666 0.05
59.6 0.6666666666666666 -0.05
59.4 0.6666666666666666 -0.05
59.199999999999996 0.6666666666666666 0.05
59.199999999999996 0.3333333333333333 0.05
59.4 0.3333333333333333 0.05
59.4 0 -0.05
59 0 0
58 0 0
57.6 0 -0.05
57.6 0.3333333333333333 0.05
57.800000000000004 0.3333333333333333 0.05
57.800000000000004 0.6666666666666666 0.05
57.6 0.6666666666666666 -0.05
57.4 0.6666666666666666 -0.05
57.199999999999996 0.6666666666666666 0.05
57.199999999999996 0.3333333333333333 0.05
57.4 0.3333333333333333 0.05
57.4 0 -0.05
57 0 0
56 0.5 0
56.4 0.5 -0.05
56.4 0.8333333333333333 0.05
56.2 0.8333333333333333 -0.30000000000000004
56.2 1.1666666666666665 -0.30000000000000004
56.400000000000006 1.1666666666666665 -0.20000000000000004
56.60000000000001 1.1666666666666665 -0.20000000000000004
56.80000000000001 1.1666666666666665 -0.30000000000000004
56.80000000000001 0.8333333333333333 -0.30000000000000004
56.6 0.8333333333333333 0.05
56.6 0.49999999999999994 -0.05
57 0.49999999999999994 0
58 0.5 0
58.4 0.5 -0.05
58.4 0.8333333333333333 0.05
58.199999999999996 0.8333333333333333 0.05
58.199999999999996 1.1666666666666665 0.05
58.4 1.1666666666666665 -0.05
58.6 1.1666666666666665 -0.05
58.800000000000004 1.1666666666666665 0.05
58.800000000000004 0.8333333333333333 0.05
58.6 0.8333333333333333 0.05
58.6 0.49999999999999994 -0.05
59 0.49999999999999994 0
