60 0 0
59.6 0 -0.05
59.6 0.3333333333333333 0.05
59.800000000000004 0.3333333333333333 0.05
59.800000000000004 0.6666666666666666 0.05
59.6 0.6666666666666666 -0.05
59.4 0.6666666666666666 -0.05
59.199999999999996 0.6666666666666666 0.05
59.199999999999996 0.3333333333333333 0.05
59.4 0.3333333333333333 0.05
59.4 0 -0.05
59 0 0
58 0 0
57.6 0 -0.05
57.6 0.3333333333333333 0.05
57.800000000000004 0.3333333333333333 0.05
57.800000000000004 0.6666666666666666 0.05
57.6 0.6666666666666666 -0.05
57.4 0.6666666666666666 -0.05
57.199999999999996 0.6666666666666666 0.05
57.199999999999996 0.3333333333333333 0.05
57.4 0.3333333333333333 0.05
57.4 0 -0.05
57 0 0
56 0 0
55.6 0 -0.05
55.6 0.3333333333333333 0.05
55.800000000000004 0.3333333333333333 0.05
55.800000000000004 0.6666666666666666 0.05
55.6 0.6666666666666666 -0.05
55.4 0.6666666666666666 -0.05
55.199999999999996 0.6666666666666666 0.05
55.199999999999996 0.3333333333333333 0.05
55.4 0.3333333333333333 0.05
55.4 0 -0.05
55 0 0
54 0 0
53.6 0 -0.05
53.6 0.3333333333333333 0.05
53.800000000000004 0.3333333333333333 0.05
53.800000000000004 0.6666666666666666 0.05
53.6 0.6666666666666666 -0.05
53.4 0.6666666666666666 -0.05
53.199999999999996 0.6666666666666666 0.05
53.199999999999996 0.3333333333333333 0.05
53.4 0.3333333333333333 0.05
53.4 0 -0.05
53 0 0
52 0 0
51.6 0 -0.05
51.6 0.3333333333333333 0.05
51.800000000000004 0.3333333333333333 0.05
51.800000000000004 0.6666666666666666 0.05
51.6 0.6666666666666666 -0.05
51.4 0.6666666666666666 -0.05
51.199999999999996 0.6666666666666666 0.05
51.199999999999996 0.3333333333333333 0.05
51.4 0.3333333333333333 0.05
51.4 0 -0.05
51 0 0
50 0 0
49.6 0 -0.05
49.6 0.3333333333333333 0.05
49.800000000000004 0.3333333333333333 0.05
49.800000000000004 0.6666666666666666 0.05
49.6 0.6666666666666666 -0.05
49.4 0.6666666666666666 -0.05
49.199999999999996 0.6666666666666666 0.05
49.199999999999996 0.3333333333333333 0.05
49.4 0.3333333333333333 0.05
49.4 0 -0.05
49 0 0
48 0 0
47.6 0 -0.05
47.6 0.3333333333333333 0.05
47.800000000000004 0.3333333333333333 0.05
47.800000000000004 0.6666666666666666 0.05
47.6 0.6666666666666666 -0.05
47.4 0.6666666666666666 -0.05
47.199999999999996 0.6666666666666666 0.05
47.199999999999996 0.3333333333333333 0.05
47.4 0.3333333333333333 0.05
47.4 0 -0.05
47 0 0
46 0 0
45.6 0 -0.05
45.6 0.3333333333333333 0.05
45.800000000000004 0.3333333333333333 0.05
45.800000000000004 0.6666666666666666 0.05
45.6 0.6666666666666666 -0.05
45.4 0.6666666666666666 -0.05
45.199999999999996 0.6666666666666666 0.05
45.199999999999996 0.3333333333333333 0.05
45.4 0.3333333333333333 0.05
45.4 0 -0.05
45 0 0
44 0 0
43.6 0 -0.05
43.6 0.3333333333333333 0.05
43.800000000000004 0.3333333333333333 0.05
43.800000000000004 0.6666666666666666 0.05
43.6 0.6666666666666666 -0.05
43.4 0.6666666666666666 -0.05
43.199999999999996 0.6666666666666666 0.05
43.199999999999996 0.3333333333333333 0.05
43.4 0.3333333333333333 0.05
43.4 0 -0.05
43 0 0
42 0 0
41.6 0 -0.05
41.6 0.3333333333333333 0.05
41.800000000000004 0.3333333333333333 0.05
41.800000000000004 0.6666666666666666 0.05
41.6 0.6666666666666666 -0.05
41.4 0.6666666666666666 -0.05
41.199999999999996 0.6666666666666666 0.05
41.199999999999996 0.3333333333333333 0.05
41.4 0.3333333333333333 0.05
41.4 0 -0.05
41 0 0
40 0 0
39.6 0 -0.05
39.6 0.3333333333333333 0.05
39.800000000000004 0.3333333333333333 0.05
39.800000000000004 0.6666666666666666 0.05
39.6 0.6666666666666666 -0.05
39.4 0.6666666666666666 -0.05
39.199999999999996 0.6666666666666666 0.05
39.199999999999996 0.3333333333333333 0.05
39.4 0.3333333333333333 0.05
39.4 0 -0.05
39 0 0
38 0 0
37.6 0 -0.05
37.6 0.3333333333333333 0.05
37.800000000000004 0.3333333333333333 0.05
37.800000000000004 0.6666666666666666 0.05
37.6 0.6666666666666666 -0.05
37.4 0.6666666666666666 -0.05
37.199999999999996 0.6666666666666666 0.05
37.199999999999996 0.3333333333333333 0.05
37.4 0.3333333333333333 0.05
37.4 0 -0.05
37 0 0
36 0 0
35.6 0 -0.05
35.6 0.3333333333333333 0.05
35.800000000000004 0.3333333333333333 0.05
35.800000000000004 0.6666666666666666 0.05
35.6 0.6666666666666666 -0.05
35.4 0.6666666666666666 -0.05
35.199999999999996 0.6666666666666666 0.05
35.199999999999996 0.3333333333333333 0.05
35.4 0.3333333333333333 0.05
35.4 0 -0.05
35 0 0
34 0 0
33.6 0 -0.05
33.6 0.3333333333333333 0.05
33.800000000000004 0.3333333333333333 0.05
33.800000000000004 0.6666666666666666 0.05
33.6 0.6666666666666666 -0.05
33.4 0.6666666666666666 -0.05
33.199999999999996 0.6666666666666666 0.05
33.199999999999996 0.3333333333333333 0.05
33.4 0.3333333333333333 0.05
33.4 0 -0.05
33 0 0
32 0 0
31.6 0 -0.05
31.6 0.3333333333333333 0.05
31.8 0.3333333333333333 0.05
31.8 0.6666666666666666 0.05
31.6 0.6666666666666666 -0.05
31.400000000000002 0.6666666666666666 -0.05
31.200000000000003 0.6666666666666666 0.05
31.200000000000003 0.3333333333333333 0.05
31.400000000000002 0.3333333333333333 0.05
31.400000000000002 0 -0.05
31.000000000000004 0 0
30 0 0
29.6 0 -0.05
29.6 0.3333333333333333 0.05
29.8 0.3333333333333333 0.05
29.8 0.6666666666666666 0.05
29.6 0.6666666666666666 -0.05
29.400000000000002 0.6666666666666666 -0.05
29.200000000000003 0.6666666666666666 0.05
29.200000000000003 0.3333333333333333 0.05
29.400000000000002 0.3333333333333333 0.05
29.400000000000002 0 -0.05
29.000000000000004 0 0
28 0 0
27.6 0 -0.05
27.6 0.3333333333333333 0.05
27.8 0.3333333333333333 0.05
27.8 0.6666666666666666 0.05
27.6 0.6666666666666666 -0.05
27.400000000000002 0.6666666666666666 -0.05
27.200000000000003 0.6666666666666666 0.05
27.200000000000003 0.3333333333333333 0.05
27.400000000000002 0.3333333333333333 0.05
27.400000000000002 0 -0.05
27.000000000000004 0 0
26 0 0
25.6 0 -0.05
25.6 0.3333333333333333 0.05
25.8 0.3333333333333333 0.05
25.8 0.6666666666666666 0.05
25.6 0.6666666666666666 -0.05
25.400000000000002 0.6666666666666666 -0.05
25.200000000000003 0.6666666666666666 0.05
25.200000000000003 0.3333333333333333 0.05
25.400000000000002 0.3333333333333333 0.05
25.400000000000002 0 -0.05
25.000000000000004 0 0
24 0 0
23.6 0 -0.05
23.6 0.3333333333333333 0.05
23.8 0.3333333333333333 0.05
23.8 0.6666666666666666 0.05
23.6 0.6666666666666666 -0.05
23.400000000000002 0.6666666666666666 -0.05
23.200000000000003 0.6666666666666666 0.05
23.200000000000003 0.3333333333333333 0.05
23.400000000000002 0.3333333333333333 0.05
23.400000000000002 0 -0.05
23.000000000000004 0 0
22 0 0
21.6 0 -0.05
21.6 0.3333333333333333 0.05
21.8 0.3333333333333333 0.05
21.8 0.6666666666666666 0.05
21.6 0.6666666666666666 -0.05
21.400000000000002 0.6666666666666666 -0.05
21.200000000000003 0.6666666666666666 0.05
21.200000000000003 0.3333333333333333 0.05
21.400000000000002 0.3333333333333333 0.05
21.400000000000002 0 -0.05
21.000000000000004 0 0
20 0 0
19.6 0 -0.05
19.6 0.3333333333333333 0.05
19.8 0.3333333333333333 0.05
19.8 0.6666666666666666 0.05
19.6 0.6666666666666666 -0.05
19.400000000000002 0.6666666666666666 -0.05
19.200000000000003 0.6666666666666666 0.05
19.200000000000003 0.3333333333333333 0.05
19.400000000000002 0.3333333333333333 0.05
19.400000000000002 0 -0.05
19.000000000000004 0 0
18 0 0
17.6 0 -0.05
17.6 0.3333333333333333 0.05
17.8 0.3333333333333333 0.05
17.8 0.6666666666666666 0.05
17.6 0.6666666666666666 -0.05
17.400000000000002 0.6666666666666666 -0.05
17.200000000000003 0.6666666666666666 0.05
17.200000000000003 0.3333333333333333 0.05
17.400000000000002 0.3333333333333333 0.05
17.400000000000002 0 -0.05
17.000000000000004 0 0
16 0 0
15.6 0 -0.05
15.6 0.3333333333333333 0.05
15.799999999999999 0.3333333333333333 0.05
15.799999999999999 0.6666666666666666 0.05
15.6 0.6666666666666666 -0.05
15.4 0.6666666666666666 -0.05
15.200000000000001 0.6666666666666666 0.05
15.200000000000001 0.3333333333333333 0.05
15.4 0.3333333333333333 0.05
15.4 0 -0.05
15 0 0
14 0 0
13.6 0 -0.05
13.6 0.3333333333333333 0.05
13.799999999999999 0.3333333333333333 0.05
13.799999999999999 0.6666666666666666 0.05
13.6 0.6666666666666666 -0.05
13.4 0.6666666666666666 -0.05
13.200000000000001 0.6666666666666666 0.05
13.200000000000001 0.3333333333333333 0.05
13.4 0.3333333333333333 0.05
13.4 0 -0.05
13 0 0
12 0 0
11.6 0 -0.05
11.6 0.3333333333333333 0.05
11.799999999999999 0.3333333333333333 0.05
11.799999999999999 0.6666666666666666 0.05
11.6 0.6666666666666666 -0.05
11.4 0.6666666666666666 -0.05
11.200000000000001 0.6666666666666666 0.05
11.200000000000001 0.3333333333333333 0.05
11.4 0.3333333333333333 0.05
11.4 0 -0.05
11 0 0
10 0 0
9.6 0 -0.05
9.6 0.3333333333333333 0.05
9.799999999999999 0.3333333333333333 0.05
9.799999999999999 0.6666666666666666 0.05
9.6 0.6666666666666666 -0.05
9.4 0.6666666666666666 -0.05
9.200000000000001 0.6666666666666666 0.05
9.200000000000001 0.3333333333333333 0.05
9.4 0.3333333333333333 0.05
9.4 0 -0.05
9 0 0
8 0 0
7.6 0 -0.05
7.6 0.3333333333333333 0.05
7.8 0.3333333333333333 0.05
7.8 0.6666666666666666 0.05
7.6 0.6666666666666666 -0.05
7.3999999999999995 0.6666666666666666 -0.05
7.199999999999999 0.6666666666666666 0.05
7.199999999999999 0.3333333333333333 0.05
7.3999999999999995 0.3333333333333333 0.05
7.3999999999999995 0 -0.05
6.999999999999999 0 0
6 0 0
5.6 0 -0.05
5.6 0.3333333333333333 0.05
5.8 0.3333333333333333 0.05
5.8 0.6666666666666666 0.05
5.6 0.6666666666666666 -0.05
5.3999999999999995 0.6666666666666666 -0.05
5.199999999999999 0.6666666666666666 0.05
5.199999999999999 0.3333333333333333 0.05
5.3999999999999995 0.3333333333333333 0.05
5.3999999999999995 0 -0.05
4.999999999999999 0 0
4 0 0
3.6 0 -0.05
3.6 0.3333333333333333 0.05
3.8000000000000003 0.3333333333333333 0.05
3.8000000000000003 0.6666666666666666 0.05
3.6 0.6666666666666666 -0.05
3.4 0.6666666666666666 -0.05
3.1999999999999997 0.6666666666666666 0.05
3.1999999999999997 0.3333333333333333 0.05
3.4 0.3333333333333333 0.05
3.4 0 -0.05
3 0 0
2 0 0
1.6 0 -0.05
1.6 0.3333333333333333 0.05
1.8 0.3333333333333333 0.05
1.8 0.6666666666666666 0.05
1.6 0.6666666666666666 -0.05
1.4000000000000001 0.6666666666666666 -0.05
1.2000000000000002 0.6666666666666666 0.05
1.2000000000000002 0.3333333333333333 0.05
1.4000000000000001 0.3333333333333333 0.05
1.4000000000000001 0 -0.05
1 0 0
0 0 0
0.4 0 -0.05
0.4 0.3333333333333333 0.05
0.2 0.3333333333333333 0.05
0.2 0.6666666666666666 0.05
0.4 0.6666666666666666 -0.05
0.6000000000000001 0.6666666666666666 -0.05
0.8 0.6666666666666666 0.05
0.8 0.3333333333333333 0.05
0.6000000000000001 0.3333333333333333 0.05
0.6000000000000001 0 -0.05
1 0 0
2 0 0
2.4 0 -0.05
2.4 0.3333333333333333 0.05
2.1999999999999997 0.3333333333333333 0.05
2.1999999999999997 0.6666666666666666 0.05
2.4 0.6666666666666666 -0.05
2.6 0.6666666666666666 -0.05
2.8000000000000003 0.6666666666666666 0.05
2.8000000000000003 0.3333333333333333 0.05
2.6 0.3333333333333333 0.05
2.6 0 -0.05
3 0 0
4 0 0
4.4 0 -0.05
4.4 0.3333333333333333 0.05
4.2 0.3333333333333333 0.05
4.2 0.6666666666666666 0.05
4.4 0.6666666666666666 -0.05
4.6000000000000005 0.6666666666666666 -0.05
4.800000000000001 0.6666666666666666 0.05
4.800000000000001 0.3333333333333333 0.05
4.6000000000000005 0.3333333333333333 0.05
4.6000000000000005 0 -0.05
5.000000000000001 0 0
6 0 0
6.4 0 -0.05
6.4 0.3333333333333333 0.05
6.2 0.3333333333333333 0.05
6.2 0.6666666666666666 0.05
6.4 0.6666666666666666 -0.05
6.6000000000000005 0.6666666666666666 -0.05
6.800000000000001 0.6666666666666666 0.05
6.800000000000001 0.3333333333333333 0.05
6.6000000000000005 0.3333333333333333 0.05
6.6000000000000005 0 -0.05
7.000000000000001 0 0
8 0 0
8.4 0 -0.05
8.4 0.3333333333333333 0.05
8.200000000000001 0.3333333333333333 0.05
8.200000000000001 0.6666666666666666 0.05
8.4 0.6666666666666666 -0.05
8.6 0.6666666666666666 -0.05
8.799999999999999 0.6666666666666666 0.05
8.799999999999999 0.3333333333333333 0.05
8.6 0.3333333333333333 0.05
8.6 0 -0.05
9 0 0
10 0 0
10.4 0 -0.05
10.4 0.3333333333333333 0.05
10.200000000000001 0.3333333333333333 0.05
10.200000000000001 0.6666666666666666 0.05
10.4 0.6666666666666666 -0.05
10.6 0.6666666666666666 -0.05
10.799999999999999 0.6666666666666666 0.05
10.799999999999999 0.3333333333333333 0.05
10.6 0.3333333333333333 0.05
10.6 0 -0.05
11 0 0
12 0 0
12.4 0 -0.05
12.4 0.3333333333333333 0.05
12.200000000000001 0.3333333333333333 0.05
12.200000000000001 0.6666666666666666 0.05
12.4 0.6666666666666666 -0.05
12.6 0.6666666666666666 -0.05
12.799999999999999 0.6666666666666666 0.05
12.799999999999999 0.3333333333333333 0.05
12.6 0.3333333333333333 0.05
12.6 0 -0.05
13 0 0
14 0 0
14.4 0 -0.05
14.4 0.3333333333333333 0.05
14.200000000000001 0.3333333333333333 0.05
14.200000000000001 0.6666666666666666 0.05
14.4 0.6666666666666666 -0.05
14.6 0.6666666666666666 -0.05
14.799999999999999 0.6666666666666666 0.05
14.799999999999999 0.3333333333333333 0.05
14.6 0.3333333333333333 0.05
14.6 0 -0.05
15 0 0
16 0 0
16.4 0 -0.05
16.4 0.3333333333333333 0.05
16.2 0.3333333333333333 0.05
16.2 0.6666666666666666 0.05
16.4 0.6666666666666666 -0.05
16.599999999999998 0.6666666666666666 -0.05
16.799999999999997 0.6666666666666666 0.05
16.799999999999997 0.3333333333333333 0.05
16.599999999999998 0.3333333333333333 0.05
16.599999999999998 0 -0.05
16.999999999999996 0 0
18 0 0
18.4 0 -0.05
18.4 0.3333333333333333 0.05
18.2 0.3333333333333333 0.05
18.2 0.6666666666666666 0.05
18.4 0.6666666666666666 -0.05
18.599999999999998 0.6666666666666666 -0.05
18.799999999999997 0.6666666666666666 0.05
18.799999999999997 0.3333333333333333 0.05
18.599999999999998 0.3333333333333333 0.05
18.599999999999998 0 -0.05
18.999999999999996 0 0
20 0 0
20.4 0 -0.05
20.4 0.3333333333333333 0.05
20.2 0.3333333333333333 0.05
20.2 0.6666666666666666 0.05
20.4 0.6666666666666666 -0.05
20.599999999999998 0.6666666666666666 -0.05
20.799999999999997 0.6666666666666666 0.05
20.799999999999997 0.3333333333333333 0.05
20.599999999999998 0.3333333333333333 0.05
20.599999999999998 0 -0.05
20.999999999999996 0 0
22 0 0
22.4 0 -0.05
22.4 0.3333333333333333 0.05
22.2 0.3333333333333333 0.05
22.2 0.6666666666666666 0.05
22.4 0.6666666666666666 -0.05
22.599999999999998 0.6666666666666666 -0.05
22.799999999999997 0.6666666666666666 0.05
22.799999999999997 0.3333333333333333 0.05
22.599999999999998 0.3333333333333333 0.05
22.599999999999998 0 -0.05
22.999999999999996 0 0
24 0 0
24.4 0 -0.05
24.4 0.3333333333333333 0.05
24.2 0.3333333333333333 0.05
24.2 0.6666666666666666 0.05
24.4 0.6666666666666666 -0.05
24.599999999999998 0.6666666666666666 -0.05
24.799999999999997 0.6666666666666666 0.05
24.799999999999997 0.3333333333333333 0.05
24.599999999999998 0.3333333333333333 0.05
24.599999999999998 0 -0.05
24.999999999999996 0 0
26 0 0
26.4 0 -0.05
26.4 0.3333333333333333 0.05
26.2 0.3333333333333333 0.05
26.2 0.6666666666666666 0.05
26.4 0.6666666666666666 -0.05
26.599999999999998 0.6666666666666666 -0.05
26.799999999999997 0.6666666666666666 0.05
26.799999999999997 0.3333333333333333 0.05
26.599999999999998 0.3333333333333333 0.05
26.599999999999998 0 -0.05
26.999999999999996 0 0
28 0 0
28.4 0 -0.05
28.4 0.3333333333333333 0.05
28.2 0.3333333333333333 0.05
28.2 0.6666666666666666 0.05
28.4 0.6666666666666666 -0.05
28.599999999999998 0.6666666666666666 -0.05
28.799999999999997 0.6666666666666666 0.05
28.799999999999997 0.3333333333333333 0.05
28.599999999999998 0.3333333333333333 0.05
28.599999999999998 0 -0.05
28.999999999999996 0 0
30 0 0
30.4 0 -0.05
30.4 0.3333333333333333 0.05
30.2 0.3333333333333333 0.05
30.2 0.6666666666666666 0.05
30.4 0.6666666666666666 -0.05
30.599999999999998 0.6666666666666666 -0.05
30.799999999999997 0.6666666666666666 0.05
30.799999999999997 0.3333333333333333 0.05
30.599999999999998 0.3333333333333333 0.05
30.599999999999998 0 -0.05
30.999999999999996 0 0
32 0 0
32.4 0 -0.05
32.4 0.3333333333333333 0.05
32.199999999999996 0.3333333333333333 0.05
32.199999999999996 0.6666666666666666 0.05
32.4 0.6666666666666666 -0.05
32.6 0.6666666666666666 -0.05
32.800000000000004 0.6666666666666666 0.05
32.800000000000004 0.3333333333333333 0.05
32.6 0.3333333333333333 0.05
32.6 0 -0.05
33 0 0
34 0 0
34.4 0 -0.05
34.4 0.3333333333333333 0.05
34.199999999999996 0.3333333333333333 0.05
34.199999999999996 0.6666666666666666 0.05
34.4 0.6666666666666666 -0.05
34.6 0.6666666666666666 -0.05
34.800000000000004 0.6666666666666666 0.05
34.800000000000004 0.3333333333333333 0.05
34.6 0.3333333333333333 0.05
34.6 0 -0.05
35 0 0
36 0 0
36.4 0 -0.05
36.4 0.3333333333333333 0.05
36.199999999999996 0.3333333333333333 0.05
36.199999999999996 0.6666666666666666 0.05
36.4 0.6666666666666666 -0.05
36.6 0.6666666666666666 -0.05
36.800000000000004 0.6666666666666666 0.05
36.800000000000004 0.3333333333333333 0.05
36.6 0.3333333333333333 0.05
36.6 0 -0.05
37 0 0
38 0 0
38.4 0 -0.05
38.4 0.3333333333333333 0.05
38.199999999999996 0.3333333333333333 0.05
38.199999999999996 0.6666666666666666 0.05
38.4 0.6666666666666666 -0.05
38.6 0.6666666666666666 -0.05
38.800000000000004 0.6666666666666666 0.05
38.800000000000004 0.3333333333333333 0.05
38.6 0.3333333333333333 0.05
38.6 0 -0.05
39 0 0
40 0 0
40.4 0 -0.05
40.4 0.3333333333333333 0.05
40.199999999999996 0.3333333333333333 0.05
40.199999999999996 0.6666666666666666 0.05
40.4 0.6666666666666666 -0.05
40.6 0.6666666666666666 -0.05
40.800000000000004 0.6666666666666666 0.05
40.800000000000004 0.3333333333333333 0.05
40.6 0.3333333333333333 0.05
40.6 0 -0.05
41 0 0
42 0 0
42.4 0 -0.05
42.4 0.3333333333333333 0.05
42.199999999999996 0.3333333333333333 0.05
42.199999999999996 0.6666666666666666 0.05
42.4 0.6666666666666666 -0.05
42.6 0.6666666666666666 -0.05
42.800000000000004 0.6666666666666666 0.05
42.800000000000004 0.3333333333333333 0.05
42.6 0.3333333333333333 0.05
42.6 0 -0.05
43 0 0
44 0 0
44.4 0 -0.05
44.4 0.3333333333333333 0.05
44.199999999999996 0.3333333333333333 0.05
44.199999999999996 0.6666666666666666 0.05
44.4 0.6666666666666666 -0.05
44.6 0.6666666666666666 -0.05
44.800000000000004 0.6666666666666666 0.05
44.800000000000004 0.3333333333333333 0.05
44.6 0.3333333333333333 0.05
44.6 0 -0.05
45 0 0
46 0 0
46.4 0 -0.05
46.4 0.3333333333333333 0.05
46.199999999999996 0.3333333333333333 0.05
46.199999999999996 0.6666666666666666 0.05
46.4 0.6666666666666666 -0.05
46.6 0.6666666666666666 -0.05
46.800000000000004 0.6666666666666666 0.05
46.800000000000004 0.3333333333333333 0.05
46.6 0.3333333333333333 0.05
46.6 0 -0.05
47 0 0
48 0 0
48.4 0 -0.05
48.4 0.3333333333333333 0.05
48.199999999999996 0.3333333333333333 0.05
48.199999999999996 0.6666666666666666 0.05
48.4 0.6666666666666666 -0.05
48.6 0.6666666666666666 -0.05
48.800000000000004 0.6666666666666666 0.05
48.800000000000004 0.3333333333333333 0.05
48.6 0.3333333333333333 0.05
48.6 0 -0.05
49 0 0
50 0 0
50.4 0 -0.05
50.4 0.3333333333333333 0.05
50.199999999999996 0.3333333333333333 0.05
50.199999999999996 0.6666666666666666 0.05
50.4 0.6666666666666666 -0.05
50.6 0.6666666666666666 -0.05
50.800000000000004 0.6666666666666666 0.05
50.800000000000004 0.3333333333333333 0.05
50.6 0.3333333333333333 0.05
50.6 0 -0.05
51 0 0
52 0 0
52.4 0 -0.05
52.4 0.3333333333333333 0.05
52.199999999999996 0.3333333333333333 0.05
52.199999999999996 0.6666666666666666 0.05
52.4 0.6666666666666666 -0.05
52.6 0.6666666666666666 -0.05
52.800000000000004 0.6666666666666666 0.05
52.800000000000004 0.3333333333333333 0.05
52.6 0.3333333333333333 0.05
52.6 0 -0.05
53 0 0
54 0 0
54.4 0 -0.05
54.4 0.3333333333333333 0.05
54.199999999999996 0.3333333333333333 0.05
54.199999999999996 0.6666666666666666 0.05
54.4 0.6666666666666666 -0.05
54.6 0.6666666666666666 -0.05
54.800000000000004 0.6666666666666666 0.05
54.800000000000004 0.3333333333333333 0.05
54.6 0.3333333333333333 0.05
54.6 0 -0.05
55 0 0
56 0 0
56.4 0 -0.05
56.4 0.3333333333333333 0.05
56.199999999999996 0.3333333333333333 0.05
56.199999999999996 0.6666666666666666 0.05
56.4 0.6666666666666666 -0.05
56.6 0.6666666666666666 -0.05
56.800000000000004 0.6666666666666666 0.05
56.800000000000004 0.3333333333333333 0.05
56.6 0.3333333333333333 0.05
56.6 0 -0.05
57 0 0
58 0 0
58.4 0 -0.05
58.4 0.3333333333333333 0.05
58.199999999999996 0.3333333333333333 0.05
58.199999999999996 0.6666666666666666 0.05
58.4 0.6666666666666666 -0.05
58.6 0.6666666666666666 -0.05
58.800000000000004 0.6666666666666666 0.05
58.800000000000004 0.3333333333333333 0.05
58.6 0.3333333333333333 0.05
58.6 0 -0.05
59 0 0
60 0.5 0
59.6 0.5 -0.05
59.6 0.8333333333333333 0.05
59.800000000000004 0.8333333333333333 0.05
59.800000000000004 1.1666666666666665 0.05
59.6 1.1666666666666665 -0.05
59.4 1.1666666666666665 -0.05
59.199999999999996 1.1666666666666665 0.05
59.199999999999996 0.8333333333333333 0.05
59.4 0.8333333333333333 0.05
59.4 0.49999999999999994 -0.05
59 0.49999999999999994 0
59 0.5 0
58.6 0.5 -0.05
58.6 0.8333333333333333 0.05
58.800000000000004 0.8333333333333333 0.05
58.800000000000004 1.1666666666666665 0.05
58.6 1.1666666666666665 -0.05
58.4 1.1666666666666665 -0.05
58.199999999999996 1.1666666666666665 0.05
58.199999999999996 0.8333333333333333 0.05
58.4 0.8333333333333333 0.05
58.4 0.49999999999999994 -0.05
58 0.49999999999999994 0
58 0.5 0
57.6 0.5 -0.05
57.6 0.8333333333333333 0.05
57.800000000000004 0.8333333333333333 0.05
57.800000000000004 1.1666666666666665 0.05
57.6 1.1666666666666665 -0.05
57.4 1.1666666666666665 -0.05
57.199999999999996 1.1666666666666665 0.05
57.199999999999996 0.8333333333333333 0.05
57.4 0.8333333333333333 0.05
57.4 0.49999999999999994 -0.05
57 0.49999999999999994 0
57 0.5 0
56.6 0.5 -0.05
56.6 0.8333333333333333 0.05
56.800000000000004 0.8333333333333333 0.05
56.800000000000004 1.1666666666666665 0.05
56.6 1.1666666666666665 -0.05
56.4 1.1666666666666665 -0.05
56.199999999999996 1.1666666666666665 0.05
56.199999999999996 0.8333333333333333 0.05
56.4 0.8333333333333333 0.05
56.4 0.49999999999999994 -0.05
56 0.49999999999999994 0
56 0.5 0
55.6 0.5 -0.05
55.6 0.8333333333333333 0.05
55.800000000000004 0.8333333333333333 0.05
55.800000000000004 1.1666666666666665 0.05
55.6 1.1666666666666665 -0.05
55.4 1.1666666666666665 -0.05
55.199999999999996 1.1666666666666665 0.05
55.199999999999996 0.8333333333333333 0.05
55.4 0.8333333333333333 0.05
55.4 0.49999999999999994 -0.05
55 0.49999999999999994 0
55 0.5 0
54.6 0.5 -0.05
54.6 0.8333333333333333 0.05
54.800000000000004 0.8333333333333333 0.05
54.800000000000004 1.1666666666666665 0.05
54.6 1.1666666666666665 -0.05
54.4 1.1666666666666665 -0.05
54.199999999999996 1.1666666666666665 0.05
54.199999999999996 0.8333333333333333 0.05
54.4 0.8333333333333333 0.05
54.4 0.49999999999999994 -0.05
54 0.49999999999999994 0
54 0.5 0
53.6 0.5 -0.05
53.6 0.8333333333333333 0.05
53.800000000000004 0.8333333333333333 0.05
53.800000000000004 1.1666666666666665 0.05
53.6 1.1666666666666665 -0.05
53.4 1.1666666666666665 -0.05
53.199999999999996 1.1666666666666665 0.05
53.199999999999996 0.8333333333333333 0.05
53.4 0.8333333333333333 0.05
53.4 0.49999999999999994 -0.05
53 0.49999999999999994 0
53 0.5 0
52.6 0.5 -0.05
52.6 0.8333333333333333 0.05
52.800000000000004 0.8333333333333333 0.05
52.800000000000004 1.1666666666666665 0.05
52.6 1.1666666666666665 -0.05
52.4 1.1666666666666665 -0.05
52.199999999999996 1.1666666666666665 0.05
52.199999999999996 0.8333333333333333 0.05
52.4 0.8333333333333333 0.05
52.4 0.49999999999999994 -0.05
52 0.49999999999999994 0
52 0.5 0
51.6 0.5 -0.05
51.6 0.8333333333333333 0.05
51.800000000000004 0.8333333333333333 0.05
51.800000000000004 1.1666666666666665 0.05
51.6 1.1666666666666665 -0.05
51.4 1.1666666666666665 -0.05
51.199999999999996 1.1666666666666665 0.05
51.199999999999996 0.8333333333333333 0.05
51.4 0.8333333333333333 0.05
51.4 0.49999999999999994 -0.05
51 0.49999999999999994 0
51 0.5 0
50.6 0.5 -0.05
50.6 0.8333333333333333 0.05
50.800000000000004 0.8333333333333333 0.05
50.800000000000004 1.1666666666666665 0.05
50.6 1.1666666666666665 -0.05
50.4 1.1666666666666665 -0.05
50.199999999999996 1.1666666666666665 0.05
50.199999999999996 0.8333333333333333 0.05
50.4 0.8333333333333333 0.05
50.4 0.49999999999999994 -0.05
50 0.49999999999999994 0
50 0.5 0
49.6 0.5 -0.05
49.6 0.8333333333333333 0.05
49.800000000000004 0.8333333333333333 0.05
49.800000000000004 1.1666666666666665 0.05
49.6 1.1666666666666665 -0.05
49.4 1.1666666666666665 -0.05
49.199999999999996 1.1666666666666665 0.05
49.199999999999996 0.8333333333333333 0.05
49.4 0.8333333333333333 0.05
49.4 0.49999999999999994 -0.05
49 0.49999999999999994 0
49 0.5 0
48.6 0.5 -0.05
48.6 0.8333333333333333 0.05
48.800000000000004 0.8333333333333333 0.05
48.800000000000004 1.1666666666666665 0.05
48.6 1.1666666666666665 -0.05
48.4 1.1666666666666665 -0.05
48.199999999999996 1.1666666666666665 0.05
48.199999999999996 0.8333333333333333 0.05
48.4 0.8333333333333333 0.05
48.4 0.49999999999999994 -0.05
48 0.49999999999999994 0
48 0.5 0
47.6 0.5 -0.05
47.6 0.8333333333333333 0.05
47.800000000000004 0.8333333333333333 0.05
47.800000000000004 1.1666666666666665 0.05
47.6 1.1666666666666665 -0.05
47.4 1.1666666666666665 -0.05
47.199999999999996 1.1666666666666665 0.05
47.199999999999996 0.8333333333333333 0.05
47.4 0.8333333333333333 0.05
47.4 0.49999999999999994 -0.05
47 0.49999999999999994 0
47 0.5 0
46.6 0.5 -0.05
46.6 0.8333333333333333 0.05
46.800000000000004 0.8333333333333333 0.05
46.800000000000004 1.1666666666666665 0.05
46.6 1.1666666666666665 -0.05
46.4 1.1666666666666665 -0.05
46.199999999999996 1.1666666666666665 0.05
46.199999999999996 0.8333333333333333 0.05
46.4 0.8333333333333333 0.05
46.4 0.49999999999999994 -0.05
46 0.49999999999999994 0
46 0.5 0
45.6 0.5 -0.05
45.6 0.8333333333333333 0.05
45.800000000000004 0.8333333333333333 0.05
45.800000000000004 1.1666666666666665 0.05
45.6 1.1666666666666665 -0.05
45.4 1.1666666666666665 -0.05
45.199999999999996 1.1666666666666665 0.05
45.199999999999996 0.8333333333333333 0.05
45.4 0.8333333333333333 0.05
45.4 0.49999999999999994 -0.05
45 0.49999999999999994 0
45 0.5 0
44.6 0.5 -0.05
44.6 0.8333333333333333 0.05
44.800000000000004 0.8333333333333333 0.05
44.800000000000004 1.1666666666666665 0.05
44.6 1.1666666666666665 -0.05
44.4 1.1666666666666665 -0.05
44.199999999999996 1.1666666666666665 0.05
44.199999999999996 0.8333333333333333 0.05
44.4 0.8333333333333333 0.05
44.4 0.49999999999999994 -0.05
44 0.49999999999999994 0
44 0.5 0
43.6 0.5 -0.05
43.6 0.8333333333333333 0.05
43.800000000000004 0.8333333333333333 0.05
43.800000000000004 1.1666666666666665 0.05
43.6 1.1666666666666665 -0.05
43.4 1.1666666666666665 -0.05
43.199999999999996 1.1666666666666665 0.05
43.199999999999996 0.8333333333333333 0.05
43.4 0.8333333333333333 0.05
43.4 0.49999999999999994 -0.05
43 0.49999999999999994 0
43 0.5 0
42.6 0.5 -0.05
42.6 0.8333333333333333 0.05
42.800000000000004 0.8333333333333333 0.05
42.800000000000004 1.1666666666666665 0.05
42.6 1.1666666666666665 -0.05
42.4 1.1666666666666665 -0.05
42.199999999999996 1.1666666666666665 0.05
42.199999999999996 0.8333333333333333 0.05
42.4 0.8333333333333333 0.05
42.4 0.49999999999999994 -0.05
42 0.49999999999999994 0
42 0.5 0
41.6 0.5 -0.05
41.6 0.8333333333333333 0.05
41.800000000000004 0.8333333333333333 0.05
41.800000000000004 1.1666666666666665 0.05
41.6 1.1666666666666665 -0.05
41.4 1.1666666666666665 -0.05
41.199999999999996 1.1666666666666665 0.05
41.199999999999996 0.8333333333333333 0.05
41.4 0.8333333333333333 0.05
41.4 0.49999999999999994 -0.05
41 0.49999999999999994 0
41 0.5 0
40.6 0.5 -0.05
40.6 0.8333333333333333 0.05
40.800000000000004 0.8333333333333333 0.05
40.800000000000004 1.1666666666666665 0.05
40.6 1.1666666666666665 -0.05
40.4 1.1666666666666665 -0.05
40.199999999999996 1.1666666666666665 0.05
40.199999999999996 0.8333333333333333 0.05
40.4 0.8333333333333333 0.05
40.4 0.49999999999999994 -0.05
40 0.49999999999999994 0
40 0.5 0
39.6 0.5 -0.05
39.6 0.8333333333333333 0.05
39.800000000000004 0.8333333333333333 0.05
39.800000000000004 1.1666666666666665 0.05
39.6 1.1666666666666665 -0.05
39.4 1.1666666666666665 -0.05
39.199999999999996 1.1666666666666665 0.05
39.199999999999996 0.8333333333333333 0.05
39.4 0.8333333333333333 0.05
39.4 0.49999999999999994 -0.05
39 0.49999999999999994 0
39 0.5 0
38.6 0.5 -0.05
38.6 0.8333333333333333 0.05
38.800000000000004 0.8333333333333333 0.05
38.800000000000004 1.1666666666666665 0.05
38.6 1.1666666666666665 -0.05
38.4 1.1666666666666665 -0.05
38.199999999999996 1.1666666666666665 0.05
38.199999999999996 0.8333333333333333 0.05
38.4 0.8333333333333333 0.05
38.4 0.49999999999999994 -0.05
38 0.49999999999999994 0
38 0.5 0
37.6 0.5 -0.05
37.6 0.8333333333333333 0.05
37.800000000000004 0.8333333333333333 0.05
37.800000000000004 1.1666666666666665 0.05
37.6 1.1666666666666665 -0.05
37.4 1.1666666666666665 -0.05
37.199999999999996 1.1666666666666665 0.05
37.199999999999996 0.8333333333333333 0.05
37.4 0.8333333333333333 0.05
37.4 0.49999999999999994 -0.05
37 0.49999999999999994 0
37 0.5 0
36.6 0.5 -0.05
36.6 0.8333333333333333 0.05
36.800000000000004 0.8333333333333333 0.05
36.800000000000004 1.1666666666666665 0.05
36.6 1.1666666666666665 -0.05
36.4 1.1666666666666665 -0.05
36.199999999999996 1.1666666666666665 0.05
36.199999999999996 0.8333333333333333 0.05
36.4 0.8333333333333333 0.05
36.4 0.49999999999999994 -0.05
36 0.49999999999999994 0
36 0.5 0
35.6 0.5 -0.05
35.6 0.8333333333333333 0.05
35.800000000000004 0.8333333333333333 0.05
35.800000000000004 1.1666666666666665 0.05
35.6 1.1666666666666665 -0.05
35.4 1.1666666666666665 -0.05
35.199999999999996 1.1666666666666665 0.05
35.199999999999996 0.8333333333333333 0.05
35.4 0.8333333333333333 0.05
35.4 0.49999999999999994 -0.05
35 0.49999999999999994 0
35 0.5 0
34.6 0.5 -0.05
34.6 0.8333333333333333 0.05
34.800000000000004 0.8333333333333333 0.05
34.800000000000004 1.1666666666666665 0.05
34.6 1.1666666666666665 -0.05
34.4 1.1666666666666665 -0.05
34.199999999999996 1.1666666666666665 0.05
34.199999999999996 0.8333333333333333 0.05
34.4 0.8333333333333333 0.05
34.4 0.49999999999999994 -0.05
34 0.49999999999999994 0
34 0.5 0
33.6 0.5 -0.05
33.6 0.8333333333333333 0.05
33.800000000000004 0.8333333333333333 0.05
33.800000000000004 1.1666666666666665 0.05
33.6 1.1666666666666665 -0.05
33.4 1.1666666666666665 -0.05
33.199999999999996 1.1666666666666665 0.05
33.199999999999996 0.8333333333333333 0.05
33.4 0.8333333333333333 0.05
33.4 0.49999999999999994 -0.05
33 0.49999999999999994 0
33 0.5 0
32.6 0.5 -0.05
32.6 0.8333333333333333 0.05
32.800000000000004 0.8333333333333333 0.05
32.800000000000004 1.1666666666666665 0.05
32.6 1.1666666666666665 -0.05
32.4 1.1666666666666665 -0.05
32.199999999999996 1.1666666666666665 0.05
32.199999999999996 0.8333333333333333 0.05
32.4 0.8333333333333333 0.05
32.4 0.49999999999999994 -0.05
32 0.49999999999999994 0
32 0.5 0
31.6 0.5 -0.05
31.6 0.8333333333333333 0.05
31.8 0.8333333333333333 0.05
31.8 1.1666666666666665 0.05
31.6 1.1666666666666665 -0.05
31.400000000000002 1.1666666666666665 -0.05
31.200000000000003 1.1666666666666665 0.05
31.200000000000003 0.8333333333333333 0.05
31.400000000000002 0.8333333333333333 0.05
31.400000000000002 0.49999999999999994 -0.05
31.000000000000004 0.49999999999999994 0
31 0.5 0
30.6 0.5 -0.05
30.6 0.8333333333333333 0.05
30.8 0.8333333333333333 0.05
30.8 1.1666666666666665 0.05
30.6 1.1666666666666665 -0.05
30.400000000000002 1.1666666666666665 -0.05
30.200000000000003 1.1666666666666665 0.05
30.200000000000003 0.8333333333333333 0.05
30.400000000000002 0.8333333333333333 0.05
30.400000000000002 0.49999999999999994 -0.05
30.000000000000004 0.49999999999999994 0
30 0.5 0
29.6 0.5 -0.05
29.6 0.8333333333333333 0.05
29.8 0.8333333333333333 0.05
29.8 1.1666666666666665 0.05
29.6 1.1666666666666665 -0.05
29.400000000000002 1.1666666666666665 -0.05
29.200000000000003 1.1666666666666665 0.05
29.200000000000003 0.8333333333333333 0.05
29.400000000000002 0.8333333333333333 0.05
29.400000000000002 0.49999999999999994 -0.05
29.000000000000004 0.49999999999999994 0
29 0.5 0
28.6 0.5 -0.05
28.6 0.8333333333333333 0.05
28.8 0.8333333333333333 0.05
28.8 1.1666666666666665 0.05
28.6 1.1666666666666665 -0.05
28.400000000000002 1.1666666666666665 -0.05
28.200000000000003 1.1666666666666665 0.05
28.200000000000003 0.8333333333333333 0.05
28.400000000000002 0.8333333333333333 0.05
28.400000000000002 0.49999999999999994 -0.05
28.000000000000004 0.49999999999999994 0
28 0.5 0
27.6 0.5 -0.05
27.6 0.8333333333333333 0.05
27.8 0.8333333333333333 0.05
27.8 1.1666666666666665 0.05
27.6 1.1666666666666665 -0.05
27.400000000000002 1.1666666666666665 -0.05
27.200000000000003 1.1666666666666665 0.05
27.200000000000003 0.8333333333333333 0.05
27.400000000000002 0.8333333333333333 0.05
27.400000000000002 0.49999999999999994 -0.05
27.000000000000004 0.49999999999999994 0
27 0.5 0
26.6 0.5 -0.05
26.6 0.8333333333333333 0.05
26.8 0.8333333333333333 0.05
26.8 1.1666666666666665 0.05
26.6 1.1666666666666665 -0.05
26.400000000000002 1.1666666666666665 -0.05
26.200000000000003 1.1666666666666665 0.05
26.200000000000003 0.8333333333333333 0.05
26.400000000000002 0.8333333333333333 0.05
26.400000000000002 0.49999999999999994 -0.05
26.000000000000004 0.49999999999999994 0
26 0.5 0
25.6 0.5 -0.05
25.6 0.8333333333333333 0.05
25.8 0.8333333333333333 0.05
25.8 1.1666666666666665 0.05
25.6 1.1666666666666665 -0.05
25.400000000000002 1.1666666666666665 -0.05
25.200000000000003 1.1666666666666665 0.05
25.200000000000003 0.8333333333333333 0.05
25.400000000000002 0.8333333333333333 0.05
25.400000000000002 0.49999999999999994 -0.05
25.000000000000004 0.49999999999999994 0
25 0.5 0
24.6 0.5 -0.05
24.6 0.8333333333333333 0.05
24.8 0.8333333333333333 0.05
24.8 1.1666666666666665 0.05
24.6 1.1666666666666665 -0.05
24.400000000000002 1.1666666666666665 -0.05
24.200000000000003 1.1666666666666665 0.05
24.200000000000003 0.8333333333333333 0.05
24.400000000000002 0.8333333333333333 0.05
24.400000000000002 0.49999999999999994 -0.05
24.000000000000004 0.49999999999999994 0
24 0.5 0
23.6 0.5 -0.05
23.6 0.8333333333333333 0.05
23.8 0.8333333333333333 0.05
23.8 1.1666666666666665 0.05
23.6 1.1666666666666665 -0.05
23.400000000000002 1.1666666666666665 -0.05
23.200000000000003 1.1666666666666665 0.05
23.200000000000003 0.8333333333333333 0.05
23.400000000000002 0.8333333333333333 0.05
23.400000000000002 0.49999999999999994 -0.05
23.000000000000004 0.49999999999999994 0
23 0.5 0
22.6 0.5 -0.05
22.6 0.8333333333333333 0.05
22.8 0.8333333333333333 0.05
22.8 1.1666666666666665 0.05
22.6 1.1666666666666665 -0.05
22.400000000000002 1.1666666666666665 -0.05
22.200000000000003 1.1666666666666665 0.05
22.200000000000003 0.8333333333333333 0.05
22.400000000000002 0.8333333333333333 0.05
22.400000000000002 0.49999999999999994 -0.05
22.000000000000004 0.49999999999999994 0
22 0.5 0
21.6 0.5 -0.05
21.6 0.8333333333333333 0.05
21.8 0.8333333333333333 0.05
21.8 1.1666666666666665 0.05
21.6 1.1666666666666665 -0.05
21.400000000000002 1.1666666666666665 -0.05
21.200000000000003 1.1666666666666665 0.05
21.200000000000003 0.8333333333333333 0.05
21.400000000000002 0.8333333333333333 0.05
21.400000000000002 0.49999999999999994 -0.05
21.000000000000004 0.49999999999999994 0
21 0.5 0
20.6 0.5 -0.05
20.6 0.8333333333333333 0.05
20.8 0.8333333333333333 0.05
20.8 1.1666666666666665 0.05
20.6 1.1666666666666665 -0.05
20.400000000000002 1.1666666666666665 -0.05
20.200000000000003 1.1666666666666665 0.05
20.200000000000003 0.8333333333333333 0.05
20.400000000000002 0.8333333333333333 0.05
20.400000000000002 0.49999999999999994 -0.05
20.000000000000004 0.49999999999999994 0
20 0.5 0
19.6 0.5 -0.05
19.6 0.8333333333333333 0.05
19.8 0.8333333333333333 0.05
19.8 1.1666666666666665 0.05
19.6 1.1666666666666665 -0.05
19.400000000000002 1.1666666666666665 -0.05
19.200000000000003 1.1666666666666665 0.05
19.200000000000003 0.8333333333333333 0.05
19.400000000000002 0.8333333333333333 0.05
19.400000000000002 0.49999999999999994 -0.05
19.000000000000004 0.49999999999999994 0
19 0.5 0
18.6 0.5 -0.05
18.6 0.8333333333333333 0.05
18.8 0.8333333333333333 0.05
18.8 1.1666666666666665 0.05
18.6 1.1666666666666665 -0.05
18.400000000000002 1.1666666666666665 -0.05
18.200000000000003 1.1666666666666665 0.05
18.200000000000003 0.8333333333333333 0.05
18.400000000000002 0.8333333333333333 0.05
18.400000000000002 0.49999999999999994 -0.05
18.000000000000004 0.49999999999999994 0
18 0.5 0
17.6 0.5 -0.05
17.6 0.8333333333333333 0.05
17.8 0.8333333333333333 0.05
17.8 1.1666666666666665 0.05
17.6 1.1666666666666665 -0.05
17.400000000000002 1.1666666666666665 -0.05
17.200000000000003 1.1666666666666665 0.05
17.200000000000003 0.8333333333333333 0.05
17.400000000000002 0.8333333333333333 0.05
17.400000000000002 0.49999999999999994 -0.05
17.000000000000004 0.49999999999999994 0
17 0.5 0
16.6 0.5 -0.05
16.6 0.8333333333333333 0.05
16.8 0.8333333333333333 0.05
16.8 1.1666666666666665 0.05
16.6 1.1666666666666665 -0.05
16.400000000000002 1.1666666666666665 -0.05
16.200000000000003 1.1666666666666665 0.05
16.200000000000003 0.8333333333333333 0.05
16.400000000000002 0.8333333333333333 0.05
16.400000000000002 0.49999999999999994 -0.05
16.000000000000004 0.49999999999999994 0
16 0.5 0
15.6 0.5 -0.05
15.6 0.8333333333333333 0.05
15.799999999999999 0.8333333333333333 0.05
15.799999999999999 1.1666666666666665 0.05
15.6 1.1666666666666665 -0.05
15.4 1.1666666666666665 -0.05
15.200000000000001 1.1666666666666665 0.05
15.200000000000001 0.8333333333333333 0.05
15.4 0.8333333333333333 0.05
15.4 0.49999999999999994 -0.05
15 0.49999999999999994 0
15 0.5 0
14.6 0.5 -0.05
14.6 0.8333333333333333 0.05
14.799999999999999 0.8333333333333333 0.05
14.799999999999999 1.1666666666666665 0.05
14.6 1.1666666666666665 -0.05
14.4 1.1666666666666665 -0.05
14.200000000000001 1.1666666666666665 0.05
14.200000000000001 0.8333333333333333 0.05
14.4 0.8333333333333333 0.05
14.4 0.49999999999999994 -0.05
14 0.49999999999999994 0
14 0.5 0
13.6 0.5 -0.05
13.6 0.8333333333333333 0.05
13.799999999999999 0.8333333333333333 0.05
13.799999999999999 1.1666666666666665 0.05
13.6 1.1666666666666665 -0.05
13.4 1.1666666666666665 -0.05
13.200000000000001 1.1666666666666665 0.05
13.200000000000001 0.8333333333333333 0.05
13.4 0.8333333333333333 0.05
13.4 0.49999999999999994 -0.05
13 0.49999999999999994 0
13 0.5 0
12.6 0.5 -0.05
12.6 0.8333333333333333 0.05
12.799999999999999 0.8333333333333333 0.05
12.799999999999999 1.1666666666666665 0.05
12.6 1.1666666666666665 -0.05
12.4 1.1666666666666665 -0.05
12.200000000000001 1.1666666666666665 0.05
12.200000000000001 0.8333333333333333 0.05
12.4 0.8333333333333333 0.05
12.4 0.49999999999999994 -0.05
12 0.49999999999999994 0
12 0.5 0
11.6 0.5 -0.05
11.6 0.8333333333333333 0.05
11.799999999999999 0.8333333333333333 0.05
11.799999999999999 1.1666666666666665 0.05
11.6 1.1666666666666665 -0.05
11.4 1.1666666666666665 -0.05
11.200000000000001 1.1666666666666665 0.05
11.200000000000001 0.8333333333333333 0.05
11.4 0.8333333333333333 0.05
11.4 0.49999999999999994 -0.05
11 0.49999999999999994 0
11 0.5 0
10.6 0.5 -0.05
10.6 0.8333333333333333 0.05
10.799999999999999 0.8333333333333333 0.05
10.799999999999999 1.1666666666666665 0.05
10.6 1.1666666666666665 -0.05
10.4 1.1666666666666665 -0.05
10.200000000000001 1.1666666666666665 0.05
10.200000000000001 0.8333333333333333 0.05
10.4 0.8333333333333333 0.05
10.4 0.49999999999999994 -0.05
10 0.49999999999999994 0
10 0.5 0
9.6 0.5 -0.05
9.6 0.8333333333333333 0.05
9.799999999999999 0.8333333333333333 0.05
9.799999999999999 1.1666666666666665 0.05
9.6 1.1666666666666665 -0.05
9.4 1.1666666666666665 -0.05
9.200000000000001 1.1666666666666665 0.05
9.200000000000001 0.8333333333333333 0.05
9.4 0.8333333333333333 0.05
9.4 0.49999999999999994 -0.05
9 0.49999999999999994 0
9 0.5 0
8.6 0.5 -0.05
8.6 0.8333333333333333 0.05
8.799999999999999 0.8333333333333333 0.05
8.799999999999999 1.1666666666666665 0.05
8.6 1.1666666666666665 -0.05
8.4 1.1666666666666665 -0.05
8.200000000000001 1.1666666666666665 0.05
8.200000000000001 0.8333333333333333 0.05
8.4 0.8333333333333333 0.05
8.4 0.49999999999999994 -0.05
8 0.49999999999999994 0
8 0.5 0
7.6 0.5 -0.05
7.6 0.8333333333333333 0.05
7.8 0.8333333333333333 0.05
7.8 1.1666666666666665 0.05
7.6 1.1666666666666665 -0.05
7.3999999999999995 1.1666666666666665 -0.05
7.199999999999999 1.1666666666666665 0.05
7.199999999999999 0.8333333333333333 0.05
7.3999999999999995 0.8333333333333333 0.05
7.3999999999999995 0.49999999999999994 -0.05
6.999999999999999 0.49999999999999994 0
7 0.5 0
6.6 0.5 -0.05
6.6 0.8333333333333333 0.05
6.8 0.8333333333333333 0.05
6.8 1.1666666666666665 0.05
6.6 1.1666666666666665 -0.05
6.3999999999999995 1.1666666666666665 -0.05
6.199999999999999 1.1666666666666665 0.05
6.199999999999999 0.8333333333333333 0.05
6.3999999999999995 0.8333333333333333 0.05
6.3999999999999995 0.49999999999999994 -0.05
5.999999999999999 0.49999999999999994 0
6 0.5 0
5.6 0.5 -0.05
5.6 0.8333333333333333 0.05
5.8 0.8333333333333333 0.05
5.8 1.1666666666666665 0.05
5.6 1.1666666666666665 -0.05
5.3999999999999995 1.1666666666666665 -0.05
5.199999999999999 1.1666666666666665 0.05
5.199999999999999 0.8333333333333333 0.05
5.3999999999999995 0.8333333333333333 0.05
5.3999999999999995 0.49999999999999994 -0.05
4.999999999999999 0.49999999999999994 0
5 0.5 0
4.6 0.5 -0.05
4.6 0.8333333333333333 0.05
4.8 0.8333333333333333 0.05
4.8 1.1666666666666665 0.05
4.6 1.1666666666666665 -0.05
4.3999999999999995 1.1666666666666665 -0.05
4.199999999999999 1.1666666666666665 0.05
4.199999999999999 0.8333333333333333 0.05
4.3999999999999995 0.8333333333333333 0.05
4.3999999999999995 0.49999999999999994 -0.05
3.9999999999999996 0.49999999999999994 0
4 0.5 0
3.6 0.5 -0.05
3.6 0.8333333333333333 0.05
3.8000000000000003 0.8333333333333333 0.05
3.8000000000000003 1.1666666666666665 0.05
3.6 1.1666666666666665 -0.05
3.4 1.1666666666666665 -0.05
3.1999999999999997 1.1666666666666665 0.05
3.1999999999999997 0.8333333333333333 0.05
3.4 0.8333333333333333 0.05
3.4 0.49999999999999994 -0.05
3 0.49999999999999994 0
3 0.5 0
2.6 0.5 -0.05
2.6 0.8333333333333333 0.05
2.8000000000000003 0.8333333333333333 0.05
2.8000000000000003 1.1666666666666665 0.05
2.6 1.1666666666666665 -0.05
2.4 1.1666666666666665 -0.05
2.1999999999999997 1.1666666666666665 0.05
2.1999999999999997 0.8333333333333333 0.05
2.4 0.8333333333333333 0.05
2.4 0.49999999999999994 -0.05
2 0.49999999999999994 0
2 0.5 0
1.6 0.5 -0.05
1.6 0.8333333333333333 0.05
1.8 0.8333333333333333 0.05
1.8 1.1666666666666665 0.05
1.6 1.1666666666666665 -0.05
1.4000000000000001 1.1666666666666665 -0.05
1.2000000000000002 1.1666666666666665 0.05
1.2000000000000002 0.8333333333333333 0.05
1.4000000000000001 0.8333333333333333 0.05
1.4000000000000001 0.49999999999999994 -0.05
1 0.49999999999999994 0
1 0.5 0
0.6 0.5 -0.05
0.6 0.8333333333333333 0.05
0.8 0.8333333333333333 0.05
0.8 1.1666666666666665 0.05
0.6000000000000001 1.1666666666666665 -0.05
0.4000000000000001 1.1666666666666665 -0.05
0.20000000000000007 1.1666666666666665 0.05
0.20000000000000007 0.8333333333333333 0.05
0.4000000000000001 0.8333333333333333 0.05
0.4000000000000001 0.49999999999999994 -0.05
5.551115123125783e-17 0.49999999999999994 0
0 1 0
0.4 1 -0.05
0.4 1.3333333333333333 0.05
0.2 1.3333333333333333 0.05
0.2 1.6666666666666665 0.05
0.4 1.6666666666666665 -0.05
0.6000000000000001 1.6666666666666665 -0.05
0.8 1.6666666666666665 0.05
0.8 1.3333333333333333 0.05
0.6000000000000001 1.3333333333333333 0.05
0.6000000000000001 1 -0.05
1 1 0
1 1 0
1.4 1 -0.05
1.4 1.3333333333333333 0.05
1.2 1.3333333333333333 0.05
1.2 1.6666666666666665 0.05
1.4 1.6666666666666665 -0.05
1.5999999999999999 1.6666666666666665 -0.05
1.7999999999999998 1.6666666666666665 0.05
1.7999999999999998 1.3333333333333333 0.05
1.5999999999999999 1.3333333333333333 0.05
1.5999999999999999 1 -0.05
2 1 0
2 1 0
2.4 1 -0.05
2.4 1.3333333333333333 0.05
2.1999999999999997 1.3333333333333333 0.05
2.1999999999999997 1.6666666666666665 0.05
2.4 1.6666666666666665 -0.05
2.6 1.6666666666666665 -0.05
2.8000000000000003 1.6666666666666665 0.05
2.8000000000000003 1.3333333333333333 0.05
2.6 1.3333333333333333 0.05
2.6 1 -0.05
3 1 0
3 1 0
3.4 1 -0.05
3.4 1.3333333333333333 0.05
3.1999999999999997 1.3333333333333333 0.05
3.1999999999999997 1.6666666666666665 0.05
3.4 1.6666666666666665 -0.05
3.6 1.6666666666666665 -0.05
3.8000000000000003 1.6666666666666665 0.05
3.8000000000000003 1.3333333333333333 0.05
3.6 1.3333333333333333 0.05
3.6 1 -0.05
4 1 0
4 1 0
4.4 1 -0.05
4.4 1.3333333333333333 0.05
4.2 1.3333333333333333 0.05
4.2 1.6666666666666665 0.05
4.4 1.6666666666666665 -0.05
4.6000000000000005 1.6666666666666665 -0.05
4.800000000000001 1.6666666666666665 0.05
4.800000000000001 1.3333333333333333 0.05
4.6000000000000005 1.3333333333333333 0.05
4.6000000000000005 1 -0.05
5.000000000000001 1 0
5 1 0
5.4 1 -0.05
5.4 1.3333333333333333 0.05
5.2 1.3333333333333333 0.05
5.2 1.6666666666666665 0.05
5.4 1.6666666666666665 -0.05
5.6000000000000005 1.6666666666666665 -0.05
5.800000000000001 1.6666666666666665 0.05
5.800000000000001 1.3333333333333333 0.05
5.6000000000000005 1.3333333333333333 0.05
5.6000000000000005 1 -0.05
6.000000000000001 1 0
6 1 0
6.4 1 -0.05
6.4 1.3333333333333333 0.05
6.2 1.3333333333333333 0.05
6.2 1.6666666666666665 0.05
6.4 1.6666666666666665 -0.05
6.6000000000000005 1.6666666666666665 -0.05
6.800000000000001 1.6666666666666665 0.05
6.800000000000001 1.3333333333333333 0.05
6.6000000000000005 1.3333333333333333 0.05
6.6000000000000005 1 -0.05
7.000000000000001 1 0
7 1 0
7.4 1 -0.05
7.4 1.3333333333333333 0.05
8.2 1.3333333333333333 0.05
8.2 1.6666666666666665 0.05
8.399999999999999 1.6666666666666665 -0.05
8.599999999999998 1.6666666666666665 -0.05
8.799999999999997 1.6666666666666665 0.05
8.799999999999997 1.3333333333333333 0.05
7.6000000000000005 1.3333333333333333 0.05
7.6000000000000005 1 -0.05
8 1 0
8 1 0
8.4 1 -0.05
8.4 1.3333333333333333 0.05
8.200000000000001 1.3333333333333333 0.05
8.200000000000001 1.6666666666666665 0.05
8.4 1.6666666666666665 -0.05
8.6 1.6666666666666665 -0.05
8.799999999999999 1.6666666666666665 0.05
8.799999999999999 1.3333333333333333 0.05
8.6 1.3333333333333333 0.05
8.6 1 -0.05
9 1 0
9 1 0
9.4 1 -0.05
9.4 1.3333333333333333 0.05
9.200000000000001 1.3333333333333333 0.05
9.200000000000001 1.6666666666666665 0.05
9.4 1.6666666666666665 -0.05
9.6 1.6666666666666665 -0.05
9.799999999999999 1.6666666666666665 0.05
9.799999999999999 1.3333333333333333 0.05
9.6 1.3333333333333333 0.05
9.6 1 -0.05
10 1 0
10 1 0
10.4 1 -0.05
10.4 1.3333333333333333 0.05
10.200000000000001 1.3333333333333333 0.05
10.200000000000001 1.6666666666666665 0.05
10.4 1.6666666666666665 -0.05
10.6 1.6666666666666665 -0.05
10.799999999999999 1.6666666666666665 0.05
10.799999999999999 1.3333333333333333 0.05
10.6 1.3333333333333333 0.05
10.6 1 -0.05
11 1 0
11 1 0
11.4 1 -0.05
11.4 1.3333333333333333 0.05
12.2 1.3333333333333333 0.05
12.2 1.6666666666666665 0.05
12.399999999999999 1.6666666666666665 -0.05
12.599999999999998 1.6666666666666665 -0.05
12.799999999999997 1.6666666666666665 0.05
12.799999999999997 1.3333333333333333 0.05
11.6 1.3333333333333333 0.05
11.6 1 -0.05
12 1 0
12 1 0
12.4 1 -0.05
12.4 1.3333333333333333 0.05
12.200000000000001 1.3333333333333333 0.05
12.200000000000001 1.6666666666666665 0.05
12.4 1.6666666666666665 -0.05
12.6 1.6666666666666665 -0.05
12.799999999999999 1.6666666666666665 0.05
12.799999999999999 1.3333333333333333 0.05
12.6 1.3333333333333333 0.05
12.6 1 -0.05
13 1 0
13 1 0
13.4 1 -0.05
13.4 1.3333333333333333 0.05
13.200000000000001 1.3333333333333333 0.05
13.200000000000001 1.6666666666666665 0.05
13.4 1.6666666666666665 -0.05
13.6 1.6666666666666665 -0.05
13.799999999999999 1.6666666666666665 0.05
13.799999999999999 1.3333333333333333 0.05
13.6 1.3333333333333333 0.05
13.6 1 -0.05
14 1 0
14 1 0
14.4 1 -0.05
14.4 1.3333333333333333 0.05
14.200000000000001 1.3333333333333333 0.05
14.200000000000001 1.6666666666666665 0.05
14.4 1.6666666666666665 -0.05
14.6 1.6666666666666665 -0.05
14.799999999999999 1.6666666666666665 0.05
14.799999999999999 1.3333333333333333 0.05
14.6 1.3333333333333333 0.05
14.6 1 -0.05
15 1 0
15 1 0
15.4 1 -0.05
15.4 1.3333333333333333 0.05
16.2 1.3333333333333333 0.05
16.2 1.6666666666666665 0.05
16.4 1.6666666666666665 -0.05
16.599999999999998 1.6666666666666665 -0.05
16.799999999999997 1.6666666666666665 0.05
16.799999999999997 1.3333333333333333 0.05
15.6 1.3333333333333333 0.05
15.6 1 -0.05
16 1 0
16 1 0
16.4 1 -0.05
16.4 1.3333333333333333 0.05
16.2 1.3333333333333333 0.05
16.2 1.6666666666666665 0.05
16.4 1.6666666666666665 -0.05
16.599999999999998 1.6666666666666665 -0.05
16.799999999999997 1.6666666666666665 0.05
16.799999999999997 1.3333333333333333 0.05
16.599999999999998 1.3333333333333333 0.05
16.599999999999998 1 -0.05
16.999999999999996 1 0
17 1 0
17.4 1 -0.05
17.4 1.3333333333333333 0.05
17.2 1.3333333333333333 0.05
17.2 1.6666666666666665 0.05
17.4 1.6666666666666665 -0.05
17.599999999999998 1.6666666666666665 -0.05
17.799999999999997 1.6666666666666665 0.05
17.799999999999997 1.3333333333333333 0.05
17.599999999999998 1.3333333333333333 0.05
17.599999999999998 1 -0.05
17.999999999999996 1 0
18 1 0
18.4 1 -0.05
18.4 1.3333333333333333 0.05
18.2 1.3333333333333333 0.05
18.2 1.6666666666666665 0.05
18.4 1.6666666666666665 -0.05
18.599999999999998 1.6666666666666665 -0.05
18.799999999999997 1.6666666666666665 0.05
18.799999999999997 1.3333333333333333 0.05
18.599999999999998 1.3333333333333333 0.05
18.599999999999998 1 -0.05
18.999999999999996 1 0
19 1 0
19.4 1 -0.05
19.4 1.3333333333333333 0.05
20.2 1.3333333333333333 0.05
20.2 1.6666666666666665 0.05
20.4 1.6666666666666665 -0.05
20.599999999999998 1.6666666666666665 -0.05
20.799999999999997 1.6666666666666665 0.05
20.799999999999997 1.3333333333333333 0.05
19.599999999999998 1.3333333333333333 0.05
19.599999999999998 1 -0.05
19.999999999999996 1 0
20 1 0
20.4 1 -0.05
20.4 1.3333333333333333 0.05
20.2 1.3333333333333333 0.05
20.2 1.6666666666666665 0.05
20.4 1.6666666666666665 -0.05
20.599999999999998 1.6666666666666665 -0.05
20.799999999999997 1.6666666666666665 0.05
20.799999999999997 1.3333333333333333 0.05
20.599999999999998 1.3333333333333333 0.05
20.599999999999998 1 -0.05
20.999999999999996 1 0
21 1 0
21.4 1 -0.05
21.4 1.3333333333333333 0.05
21.2 1.3333333333333333 0.05
21.2 1.6666666666666665 0.05
21.4 1.6666666666666665 -0.05
21.599999999999998 1.6666666666666665 -0.05
21.799999999999997 1.6666666666666665 0.05
21.799999999999997 1.3333333333333333 0.05
21.599999999999998 1.3333333333333333 0.05
21.599999999999998 1 -0.05
21.999999999999996 1 0
22 1 0
22.4 1 -0.05
22.4 1.3333333333333333 0.05
22.2 1.3333333333333333 0.05
22.2 1.6666666666666665 0.05
22.4 1.6666666666666665 -0.05
22.599999999999998 1.6666666666666665 -0.05
22.799999999999997 1.6666666666666665 0.05
22.799999999999997 1.3333333333333333 0.05
22.599999999999998 1.3333333333333333 0.05
22.599999999999998 1 -0.05
22.999999999999996 1 0
23 1 0
23.4 1 -0.05
23.4 1.3333333333333333 0.05
24.2 1.3333333333333333 0.05
24.2 1.6666666666666665 0.05
24.4 1.6666666666666665 -0.05
24.599999999999998 1.6666666666666665 -0.05
24.799999999999997 1.6666666666666665 0.05
24.799999999999997 1.3333333333333333 0.05
23.599999999999998 1.3333333333333333 0.05
23.599999999999998 1 -0.05
23.999999999999996 1 0
24 1 0
24.4 1 -0.05
24.4 1.3333333333333333 0.05
24.2 1.3333333333333333 0.05
24.2 1.6666666666666665 0.05
24.4 1.6666666666666665 -0.05
24.599999999999998 1.6666666666666665 -0.05
24.799999999999997 1.6666666666666665 0.05
24.799999999999997 1.3333333333333333 0.05
24.599999999999998 1.3333333333333333 0.05
24.599999999999998 1 -0.05
24.999999999999996 1 0
25 1 0
25.4 1 -0.05
25.4 1.3333333333333333 0.05
25.2 1.3333333333333333 0.05
25.2 1.6666666666666665 0.05
25.4 1.6666666666666665 -0.05
25.599999999999998 1.6666666666666665 -0.05
25.799999999999997 1.6666666666666665 0.05
25.799999999999997 1.3333333333333333 0.05
25.599999999999998 1.3333333333333333 0.05
25.599999999999998 1 -0.05
25.999999999999996 1 0
26 1 0
26.4 1 -0.05
26.4 1.3333333333333333 0.05
26.2 1.3333333333333333 0.05
26.2 1.6666666666666665 0.05
26.4 1.6666666666666665 -0.05
26.599999999999998 1.6666666666666665 -0.05
26.799999999999997 1.6666666666666665 0.05
26.799999999999997 1.3333333333333333 0.05
26.599999999999998 1.3333333333333333 0.05
26.599999999999998 1 -0.05
26.999999999999996 1 0
27 1 0
27.4 1 -0.05
27.4 1.3333333333333333 0.05
28.2 1.3333333333333333 0.05
28.2 1.6666666666666665 0.05
28.4 1.6666666666666665 -0.05
28.599999999999998 1.6666666666666665 -0.05
28.799999999999997 1.6666666666666665 0.05
28.799999999999997 1.3333333333333333 0.05
27.599999999999998 1.3333333333333333 0.05
27.599999999999998 1 -0.05
27.999999999999996 1 0
28 1 0
28.4 1 -0.05
28.4 1.3333333333333333 0.05
28.2 1.3333333333333333 0.05
28.2 1.6666666666666665 0.05
28.4 1.6666666666666665 -0.05
28.599999999999998 1.6666666666666665 -0.05
28.799999999999997 1.6666666666666665 0.05
28.799999999999997 1.3333333333333333 0.05
28.599999999999998 1.3333333333333333 0.05
28.599999999999998 1 -0.05
28.999999999999996 1 0
29 1 0
29.4 1 -0.05
29.4 1.3333333333333333 0.05
29.2 1.3333333333333333 0.05
29.2 1.6666666666666665 0.05
29.4 1.6666666666666665 -0.05
29.599999999999998 1.6666666666666665 -0.05
29.799999999999997 1.6666666666666665 0.05
29.799999999999997 1.3333333333333333 0.05
29.599999999999998 1.3333333333333333 0.05
29.599999999999998 1 -0.05
29.999999999999996 1 0
30 1 0
30.4 1 -0.05
30.4 1.3333333333333333 0.05
30.2 1.3333333333333333 0.05
30.2 1.6666666666666665 0.05
30.4 1.6666666666666665 -0.05
30.599999999999998 1.6666666666666665 -0.05
30.799999999999997 1.6666666666666665 0.05
30.799999999999997 1.3333333333333333 0.05
30.599999999999998 1.3333333333333333 0.05
30.599999999999998 1 -0.05
30.999999999999996 1 0
31 1 0
31.4 1 -0.05
31.4 1.3333333333333333 0.05
32.2 1.3333333333333333 0.05
32.2 1.6666666666666665 0.05
32.400000000000006 1.6666666666666665 -0.05
32.60000000000001 1.6666666666666665 -0.05
32.80000000000001 1.6666666666666665 0.05
32.80000000000001 1.3333333333333333 0.05
31.599999999999998 1.3333333333333333 0.05
31.599999999999998 1 -0.05
31.999999999999996 1 0
32 1 0
32.4 1 -0.05
32.4 1.3333333333333333 0.05
32.199999999999996 1.3333333333333333 0.05
32.199999999999996 1.6666666666666665 0.05
32.4 1.6666666666666665 -0.05
32.6 1.6666666666666665 -0.05
32.800000000000004 1.6666666666666665 0.05
32.800000000000004 1.3333333333333333 0.05
32.6 1.3333333333333333 0.05
32.6 1 -0.05
33 1 0
33 1 0
33.4 1 -0.05
33.4 1.3333333333333333 0.05
33.199999999999996 1.3333333333333333 0.05
33.199999999999996 1.6666666666666665 0.05
33.4 1.6666666666666665 -0.05
33.6 1.6666666666666665 -0.05
33.800000000000004 1.6666666666666665 0.05
33.800000000000004 1.3333333333333333 0.05
33.6 1.3333333333333333 0.05
33.6 1 -0.05
34 1 0
34 1 0
34.4 1 -0.05
34.4 1.3333333333333333 0.05
34.199999999999996 1.3333333333333333 0.05
34.199999999999996 1.6666666666666665 0.05
34.4 1.6666666666666665 -0.05
34.6 1.6666666666666665 -0.05
34.800000000000004 1.6666666666666665 0.05
34.800000000000004 1.3333333333333333 0.05
34.6 1.3333333333333333 0.05
34.6 1 -0.05
35 1 0
35 1 0
35.4 1 -0.05
35.4 1.3333333333333333 0.05
36.2 1.3333333333333333 0.05
36.2 1.6666666666666665 0.05
36.400000000000006 1.6666666666666665 -0.05
36.60000000000001 1.6666666666666665 -0.05
36.80000000000001 1.6666666666666665 0.05
36.80000000000001 1.3333333333333333 0.05
35.6 1.3333333333333333 0.05
35.6 1 -0.05
36 1 0
36 1 0
36.4 1 -0.05
36.4 1.3333333333333333 0.05
36.199999999999996 1.3333333333333333 0.05
36.199999999999996 1.6666666666666665 0.05
36.4 1.6666666666666665 -0.05
36.6 1.6666666666666665 -0.05
36.800000000000004 1.6666666666666665 0.05
36.800000000000004 1.3333333333333333 0.05
36.6 1.3333333333333333 0.05
36.6 1 -0.05
37 1 0
37 1 0
37.4 1 -0.05
37.4 1.3333333333333333 0.05
37.199999999999996 1.3333333333333333 0.05
37.199999999999996 1.6666666666666665 0.05
37.4 1.6666666666666665 -0.05
37.6 1.6666666666666665 -0.05
37.800000000000004 1.6666666666666665 0.05
37.800000000000004 1.3333333333333333 0.05
37.6 1.3333333333333333 0.05
37.6 1 -0.05
38 1 0
38 1 0
38.4 1 -0.05
38.4 1.3333333333333333 0.05
38.199999999999996 1.3333333333333333 0.05
38.199999999999996 1.6666666666666665 0.05
38.4 1.6666666666666665 -0.05
38.6 1.6666666666666665 -0.05
38.800000000000004 1.6666666666666665 0.05
38.800000000000004 1.3333333333333333 0.05
38.6 1.3333333333333333 0.05
38.6 1 -0.05
39 1 0
39 1 0
39.4 1 -0.05
39.4 1.3333333333333333 0.05
40.2 1.3333333333333333 0.05
40.2 1.6666666666666665 0.05
40.400000000000006 1.6666666666666665 -0.05
40.60000000000001 1.6666666666666665 -0.05
40.80000000000001 1.6666666666666665 0.05
40.80000000000001 1.3333333333333333 0.05
39.6 1.3333333333333333 0.05
39.6 1 -0.05
40 1 0
40 1 0
40.4 1 -0.05
40.4 1.3333333333333333 0.05
40.199999999999996 1.3333333333333333 0.05
40.199999999999996 1.6666666666666665 0.05
40.4 1.6666666666666665 -0.05
40.6 1.6666666666666665 -0.05
40.800000000000004 1.6666666666666665 0.05
40.800000000000004 1.3333333333333333 0.05
40.6 1.3333333333333333 0.05
40.6 1 -0.05
41 1 0
41 1 0
41.4 1 -0.05
41.4 1.3333333333333333 0.05
41.199999999999996 1.3333333333333333 0.05
41.199999999999996 1.6666666666666665 0.05
41.4 1.6666666666666665 -0.05
41.6 1.6666666666666665 -0.05
41.800000000000004 1.6666666666666665 0.05
41.800000000000004 1.3333333333333333 0.05
41.6 1.3333333333333333 0.05
41.6 1 -0.05
42 1 0
42 1 0
42.4 1 -0.05
42.4 1.3333333333333333 0.05
42.199999999999996 1.3333333333333333 0.05
42.199999999999996 1.6666666666666665 0.05
42.4 1.6666666666666665 -0.05
42.6 1.6666666666666665 -0.05
42.800000000000004 1.6666666666666665 0.05
42.800000000000004 1.3333333333333333 0.05
42.6 1.3333333333333333 0.05
42.6 1 -0.05
43 1 0
43 1 0
43.4 1 -0.05
43.4 1.3333333333333333 0.05
44.2 1.3333333333333333 0.05
44.2 1.6666666666666665 0.05
44.400000000000006 1.6666666666666665 -0.05
44.60000000000001 1.6666666666666665 -0.05
44.80000000000001 1.6666666666666665 0.05
44.80000000000001 1.3333333333333333 0.05
43.6 1.3333333333333333 0.05
43.6 1 -0.05
44 1 0
44 1 0
44.4 1 -0.05
44.4 1.3333333333333333 0.05
44.199999999999996 1.3333333333333333 0.05
44.199999999999996 1.6666666666666665 0.05
44.4 1.6666666666666665 -0.05
44.6 1.6666666666666665 -0.05
44.800000000000004 1.6666666666666665 0.05
44.800000000000004 1.3333333333333333 0.05
44.6 1.3333333333333333 0.05
44.6 1 -0.05
45 1 0
45 1 0
45.4 1 -0.05
45.4 1.3333333333333333 0.05
45.199999999999996 1.3333333333333333 0.05
45.199999999999996 1.6666666666666665 0.05
45.4 1.6666666666666665 -0.05
45.6 1.6666666666666665 -0.05
45.800000000000004 1.6666666666666665 0.05
45.800000000000004 1.3333333333333333 0.05
45.6 1.3333333333333333 0.05
45.6 1 -0.05
46 1 0
46 1 0
46.4 1 -0.05
46.4 1.3333333333333333 0.05
46.199999999999996 1.3333333333333333 0.05
46.199999999999996 1.6666666666666665 0.05
46.4 1.6666666666666665 -0.05
46.6 1.6666666666666665 -0.05
46.800000000000004 1.6666666666666665 0.05
46.800000000000004 1.3333333333333333 0.05
46.6 1.3333333333333333 0.05
46.6 1 -0.05
47 1 0
47 1 0
47.4 1 -0.05
47.4 1.3333333333333333 0.05
48.2 1.3333333333333333 0.05
48.2 1.6666666666666665 0.05
48.400000000000006 1.6666666666666665 -0.05
48.60000000000001 1.6666666666666665 -0.05
48.80000000000001 1.6666666666666665 0.05
48.80000000000001 1.3333333333333333 0.05
47.6 1.3333333333333333 0.05
47.6 1 -0.05
48 1 0
48 1 0
48.4 1 -0.05
48.4 1.3333333333333333 0.05
48.199999999999996 1.3333333333333333 0.05
48.199999999999996 1.6666666666666665 0.05
48.4 1.6666666666666665 -0.05
48.6 1.6666666666666665 -0.05
48.800000000000004 1.6666666666666665 0.05
48.800000000000004 1.3333333333333333 0.05
48.6 1.3333333333333333 0.05
48.6 1 -0.05
49 1 0
49 1 0
49.4 1 -0.05
49.4 1.3333333333333333 0.05
49.199999999999996 1.3333333333333333 0.05
49.199999999999996 1.6666666666666665 0.05
49.4 1.6666666666666665 -0.05
49.6 1.6666666666666665 -0.05
49.800000000000004 1.6666666666666665 0.05
49.800000000000004 1.3333333333333333 0.05
49.6 1.3333333333333333 0.05
49.6 1 -0.05
50 1 0
50 1 0
50.4 1 -0.05
50.4 1.3333333333333333 0.05
50.199999999999996 1.3333333333333333 0.05
50.199999999999996 1.6666666666666665 0.05
50.4 1.6666666666666665 -0.05
50.6 1.6666666666666665 -0.05
50.800000000000004 1.6666666666666665 0.05
50.800000000000004 1.3333333333333333 0.05
50.6 1.3333333333333333 0.05
50.6 1 -0.05
51 1 0
51 1 0
51.4 1 -0.05
51.4 1.3333333333333333 0.05
52.2 1.3333333333333333 0.05
52.2 1.6666666666666665 0.05
52.400000000000006 1.6666666666666665 -0.05
52.60000000000001 1.6666666666666665 -0.05
52.80000000000001 1.6666666666666665 0.05
52.80000000000001 1.3333333333333333 0.05
51.6 1.3333333333333333 0.05
51.6 1 -0.05
52 1 0
52 1 0
52.4 1 -0.05
52.4 1.3333333333333333 0.05
52.199999999999996 1.3333333333333333 0.05
52.199999999999996 1.6666666666666665 0.05
52.4 1.6666666666666665 -0.05
52.6 1.6666666666666665 -0.05
52.800000000000004 1.6666666666666665 0.05
52.800000000000004 1.3333333333333333 0.05
52.6 1.3333333333333333 0.05
52.6 1 -0.05
53 1 0
53 1 0
53.4 1 -0.05
53.4 1.3333333333333333 0.05
53.199999999999996 1.3333333333333333 0.05
53.199999999999996 1.6666666666666665 0.05
53.4 1.6666666666666665 -0.05
53.6 1.6666666666666665 -0.05
53.800000000000004 1.6666666666666665 0.05
53.800000000000004 1.3333333333333333 0.05
53.6 1.3333333333333333 0.05
53.6 1 -0.05
54 1 0
54 1 0
54.4 1 -0.05
54.4 1.3333333333333333 0.05
54.199999999999996 1.3333333333333333 0.05
54.199999999999996 1.6666666666666665 0.05
54.4 1.6666666666666665 -0.05
54.6 1.6666666666666665 -0.05
54.800000000000004 1.6666666666666665 0.05
54.800000000000004 1.3333333333333333 0.05
54.6 1.3333333333333333 0.05
54.6 1 -0.05
55 1 0
55 1 0
55.4 1 -0.05
55.4 1.3333333333333333 0.05
55.199999999999996 1.3333333333333333 0.05
55.199999999999996 1.6666666666666665 0.05
55.4 1.6666666666666665 -0.05
55.6 1.6666666666666665 -0.05
55.800000000000004 1.6666666666666665 0.05
55.800000000000004 1.3333333333333333 0.05
55.6 1.3333333333333333 0.05
55.6 1 -0.05
56 1 0
56 1 0
56.4 1 -0.05
56.4 1.3333333333333333 0.05
56.199999999999996 1.3333333333333333 0.05
56.199999999999996 1.6666666666666665 0.05
56.4 1.6666666666666665 -0.05
56.6 1.6666666666666665 -0.05
56.800000000000004 1.6666666666666665 0.05
56.800000000000004 1.3333333333333333 0.05
56.6 1.3333333333333333 0.05
56.6 1 -0.05
57 1 0
57 1 0
57.4 1 -0.05
57.4 1.3333333333333333 0.05
57.199999999999996 1.3333333333333333 0.05
57.199999999999996 1.6666666666666665 0.05
57.4 1.6666666666666665 -0.05
57.6 1.6666666666666665 -0.05
57.800000000000004 1.6666666666666665 0.05
57.800000000000004 1.3333333333333333 0.05
57.6 1.3333333333333333 0.05
57.6 1 -0.05
58 1 0
58 1 0
58.4 1 -0.05
58.4 1.3333333333333333 0.05
58.199999999999996 1.3333333333333333 0.05
58.199999999999996 1.6666666666666665 0.05
58.4 1.6666666666666665 -0.05
58.6 1.6666666666666665 -0.05
58.800000000000004 1.6666666666666665 0.05
58.800000000000004 1.3333333333333333 0.05
58.6 1.3333333333333333 0.05
58.6 1 -0.05
59 1 0
59 1 0
59.4 1 -0.05
59.4 1.3333333333333333 0.05
59.199999999999996 1.3333333333333333 0.05
59.199999999999996 1.6666666666666665 0.05
59.4 1.6666666666666665 -0.05
59.6 1.6666666666666665 -0.05
59.800000000000004 1.6666666666666665 0.05
59.800000000000004 1.3333333333333333 0.05
59.6 1.3333333333333333 0.05
59.6 1 -0.05
60 1 0
